#Layer_Color=15314666
#
#Feature symbol names
#
$0 r3.937
$1 r1.9685

#
#Feature attribute names
#

#
#Layer features
#
L 0.169292 2.61811 0.169292 2.838582 1 P 0
L 0.169292 2.61811 0.476378 2.61811 1 P 0
L 0.169292 2.838582 0.476378 2.838582 1 P 0
L 0.242348 4.204944 0.242348 4.506126 1 P 0
L 0.242348 4.204944 0.73841 4.204944 1 P 0
L 0.242348 4.506126 0.73841 4.506126 1 P 0
L 0.30315 2.728346 0.34252 2.728346 0 P 0
L 0.322834 2.708662 0.322834 2.748032 0 P 0
L 0.470694 4.355534 0.510064 4.355534 0 P 0
L 0.476378 2.61811 0.476378 2.838582 1 P 0
L 0.49038 4.33585 0.49038 4.37522 0 P 0
L 0.6466539 3.3917328 0.6466539 3.7066928 1 P 0
L 0.6466539 3.3917328 0.9183079 3.3917328 1 P 0
L 0.6466539 3.7066928 0.9183079 3.7066928 1 P 0
L 0.73841 4.204944 0.73841 4.506126 1 P 0
L 0.7627959 3.5492128 0.8021659 3.5492128 0 P 0
L 0.7824799 3.5295268 0.7824799 3.5688968 0 P 0
L 0.8094338 4.02756 0.8094338 4.18504 1 P 0
L 0.8094338 4.02756 0.9472278 4.02756 1 P 0
L 0.8094338 4.18504 0.9472278 4.18504 1 P 0
L 0.8149612 2.625984 0.8149612 2.855 1 P 0
L 0.8149612 2.625984 1.1220472 2.625984 1 P 0
L 0.8149612 2.855 1.1220472 2.855 1 P 0
L 0.8586458 4.1063 0.8980158 4.1063 0 P 0
L 0.8783298 4.086614 0.8783298 4.125984 0 P 0
L 0.9183079 3.3917328 0.9183079 3.7066928 1 P 0
L 0.9472278 4.02756 0.9472278 4.18504 1 P 0
L 0.9488192 2.73622 0.9881892 2.73622 0 P 0
L 0.9685032 2.716536 0.9685032 2.755906 0 P 0
L 1.1220472 2.625984 1.1220472 2.855 1 P 0
L 1.2221965 4.129676 1.2221965 4.346212 1 P 0
L 1.2221965 4.129676 1.5174725 4.129676 1 P 0
L 1.2221965 4.346212 1.5174725 4.346212 1 P 0
L 1.3501485 4.237944 1.3895205 4.237944 0 P 0
L 1.3698345 4.218258 1.3698345 4.257628 0 P 0
L 1.5174725 4.129676 1.5174725 4.346212 1 P 0
L 1.5275596 2.6023629 1.5275596 2.8228349 1 P 0
L 1.5275596 2.6023629 1.8346456 2.6023629 1 P 0
L 1.5275596 2.8228349 1.8346456 2.8228349 1 P 0
L 1.6614176 2.7125989 1.7007876 2.7125989 0 P 0
L 1.6811016 2.6929129 1.6811016 2.7322829 0 P 0
L 1.8346456 2.6023629 1.8346456 2.8228349 1 P 0
L 1.979331 3.6771653 1.979331 4.1259833 1 P 0
L 1.979331 3.6771653 2.428151 3.6771653 1 P 0
L 1.979331 4.1259833 2.428151 4.1259833 1 P 0
L 2.184055 3.9015753 2.223425 3.9015753 0 P 0
L 2.203741 3.8818893 2.203741 3.9212593 0 P 0
L 2.2509829 4.3169284 2.2509829 4.4468504 1 P 0
L 2.2509829 4.3169284 2.3927169 4.3169284 1 P 0
L 2.2509829 4.4468504 2.3927169 4.4468504 1 P 0
L 2.3021649 4.3818884 2.3415349 4.3818884 0 P 0
L 2.3218509 4.3622044 2.3218509 4.4015744 0 P 0
L 2.3927169 4.3169284 2.3927169 4.4468504 1 P 0
L 2.428151 3.6771653 2.428151 4.1259833 1 P 0
L 2.5787412 4.1653531 2.5787412 4.3070851 1 P 0
L 2.5787412 4.1653531 2.7440952 4.1653531 1 P 0
L 2.5787412 4.3070851 2.7440952 4.3070851 1 P 0
L 2.6417332 4.2362191 2.6811032 4.2362191 0 P 0
L 2.6614172 4.2165331 2.6614172 4.2559031 0 P 0
L 2.7440952 4.1653531 2.7440952 4.3070851 1 P 0
