#Layer_Color=15138737
#
#Feature symbol names
#
$0 r3.937

#
#Feature attribute names
#

#
#Layer features
#
A 0.28937 2.7933071 0.28937 2.7933071 0.269685 2.7933071 0 P 0 N
A 0.9350393 2.8011811 0.9350393 2.8011811 0.9153543 2.8011811 0 P 0 N
A 1.4328261 4.1749522 1.4328261 4.1749522 1.4131411 4.1749522 0 P 0 N
A 1.6476378 2.777559 1.6476378 2.777559 1.6279528 2.777559 0 P 0 N
A 2.121063 3.7992127 2.121063 3.7992127 2.101378 3.7992127 0 P 0 N
L 0.234252 2.627952 0.234252 2.82874 0 P 0
L 0.234252 2.627952 0.411418 2.627952 0 P 0
L 0.234252 2.82874 0.411418 2.82874 0 P 0
L 0.326206 4.22463 0.326206 4.48644 0 P 0
L 0.326206 4.22463 0.571088 4.22463 0 P 0
L 0.326206 4.48644 0.571088 4.48644 0 P 0
L 0.411418 2.627952 0.411418 2.82874 0 P 0
L 0.571088 4.22463 0.571088 4.48644 0 P 0
L 0.6505899 3.4761808 0.6505899 3.6222448 0 P 0
L 0.6505899 3.4761808 0.9143699 3.4761808 0 P 0
L 0.6505899 3.6222448 0.9143699 3.6222448 0 P 0
L 0.8194718 4.073426 0.8194718 4.139174 0 P 0
L 0.8194718 4.073426 0.9371878 4.073426 0 P 0
L 0.8194718 4.139174 0.9371878 4.139174 0 P 0
L 0.8799212 2.635826 0.8799212 2.836614 0 P 0
L 0.8799212 2.635826 1.0570872 2.635826 0 P 0
L 0.8799212 2.836614 1.0570872 2.836614 0 P 0
L 0.9143699 3.4761808 0.9143699 3.6222448 0 P 0
L 0.9371878 4.073426 0.9371878 4.139174 0 P 0
L 1.0570872 2.635826 1.0570872 2.836614 0 P 0
L 1.2910945 4.139518 1.2910945 4.33637 0 P 0
L 1.2910945 4.139518 1.4485745 4.139518 0 P 0
L 1.2910945 4.33637 1.4485745 4.33637 0 P 0
L 1.4485745 4.139518 1.4485745 4.33637 0 P 0
L 1.5925196 2.6122049 1.5925196 2.8129929 0 P 0
L 1.5925196 2.6122049 1.7696856 2.6122049 0 P 0
L 1.5925196 2.8129929 1.7696856 2.8129929 0 P 0
L 1.7696856 2.6122049 1.7696856 2.8129929 0 P 0
L 2.065945 3.7637793 2.065945 4.0393693 0 P 0
L 2.065945 3.7637793 2.341537 3.7637793 0 P 0
L 2.065945 4.0393693 2.341537 4.0393693 0 P 0
L 2.2864169 4.3208644 2.2864169 4.4429124 0 P 0
L 2.2864169 4.3208644 2.3572829 4.3208644 0 P 0
L 2.2864169 4.4429124 2.3572829 4.4429124 0 P 0
L 2.341537 3.7637793 2.341537 4.0393693 0 P 0
L 2.3572829 4.3208644 2.3572829 4.4429124 0 P 0
L 2.6269692 4.1761791 2.6269692 4.2962591 0 P 0
L 2.6269692 4.1761791 2.6958672 4.1761791 0 P 0
L 2.6269692 4.2962591 2.6958672 4.2962591 0 P 0
L 2.6958672 4.1761791 2.6958672 4.2962591 0 P 0
